# unix_time, cycles_done, cur_path, paths_total, pending_total, pending_favs, map_size, unique_crashes, unique_hangs, max_depth, execs_per_sec
1569785591, 0, 0, 5, 5, 0, 0.00%, 0, 0, 1, 1000.00
1569785626, 0, 1, 5, 4, 0, 0.00%, 8, 0, 1, 1027.64
1569785631, 0, 1, 5, 4, 0, 0.00%, 9, 0, 1, 1023.03
1569785642, 0, 2, 5, 3, 0, 0.00%, 16, 0, 1, 1045.54
1569785652, 0, 3, 5, 2, 0, 0.00%, 19, 0, 1, 1051.39
1569785662, 0, 3, 5, 2, 0, 0.00%, 20, 0, 1, 1005.18
1569785677, 0, 3, 5, 2, 0, 0.00%, 23, 0, 1, 1005.23
1569785703, 0, 4, 5, 1, 0, 0.00%, 28, 0, 1, 1041.94
1569785708, 1, 4, 5, 0, 0, 0.00%, 44, 0, 1, 1047.53
1569785713, 3, 1, 5, 0, 0, 0.00%, 64, 0, 1, 1037.24
1569785718, 4, 3, 5, 0, 0, 0.00%, 85, 0, 1, 1038.07
1569785724, 6, 0, 5, 0, 0, 0.00%, 107, 0, 1, 1037.57
1569785729, 7, 2, 5, 0, 0, 0.00%, 135, 0, 1, 1035.59
1569785734, 8, 4, 5, 0, 0, 0.00%, 152, 0, 1, 1035.29
1569785739, 10, 1, 5, 0, 0, 0.00%, 168, 0, 1, 1032.89
1569785744, 11, 3, 5, 0, 0, 0.00%, 182, 0, 1, 1035.63
1569785749, 13, 1, 5, 0, 0, 0.00%, 209, 0, 1, 1034.81
1569785754, 14, 3, 5, 0, 0, 0.00%, 232, 0, 1, 1034.94
1569785759, 16, 0, 5, 0, 0, 0.00%, 248, 0, 1, 1034.66
1569785764, 17, 2, 5, 0, 0, 0.00%, 274, 0, 1, 1032.39
1569785769, 18, 4, 5, 0, 0, 0.00%, 293, 0, 1, 1038.26
1569785774, 20, 1, 5, 0, 0, 0.00%, 312, 0, 1, 1036.15
1569785779, 21, 4, 5, 0, 0, 0.00%, 335, 0, 1, 1036.02
1569785784, 23, 1, 5, 0, 0, 0.00%, 357, 0, 1, 1035.65
1569785790, 24, 3, 5, 0, 0, 0.00%, 369, 0, 1, 1031.04
1569785795, 26, 0, 5, 0, 0, 0.00%, 388, 0, 1, 1033.69
1569785800, 27, 2, 5, 0, 0, 0.00%, 406, 0, 1, 1032.82
1569785805, 29, 0, 5, 0, 0, 0.00%, 425, 0, 1, 1032.29
1569785810, 30, 2, 5, 0, 0, 0.00%, 443, 0, 1, 1036.08
1569785815, 31, 4, 5, 0, 0, 0.00%, 461, 0, 1, 1035.89
1569785820, 33, 1, 5, 0, 0, 0.00%, 489, 0, 1, 1034.12
1569785825, 34, 3, 5, 0, 0, 0.00%, 507, 0, 1, 1029.86
1569785830, 36, 0, 5, 0, 0, 0.00%, 526, 0, 1, 1033.66
1569785836, 37, 3, 5, 0, 0, 0.00%, 548, 0, 1, 1031.88
1569785841, 39, 0, 5, 0, 0, 0.00%, 576, 0, 1, 1029.11
1569785846, 40, 2, 5, 0, 0, 0.00%, 594, 0, 1, 1031.35
1569785851, 41, 4, 5, 0, 0, 0.00%, 613, 0, 1, 1030.66
1569785856, 43, 1, 5, 0, 0, 0.00%, 645, 0, 1, 1030.61
1569785861, 44, 3, 5, 0, 0, 0.00%, 666, 0, 1, 1024.52
1569785866, 46, 0, 5, 0, 0, 0.00%, 683, 0, 1, 1028.45
1569785871, 47, 2, 5, 0, 0, 0.00%, 705, 0, 1, 1027.51
1569785876, 49, 0, 5, 0, 0, 0.00%, 722, 0, 1, 1029.72
1569785881, 50, 2, 5, 0, 0, 0.00%, 745, 0, 1, 1028.38
1569785886, 51, 4, 5, 0, 0, 0.00%, 777, 0, 1, 1029.07
1569785891, 53, 1, 5, 0, 0, 0.00%, 806, 0, 1, 1028.51
1569785896, 54, 3, 5, 0, 0, 0.00%, 824, 0, 1, 1028.79
1569785902, 56, 0, 5, 0, 0, 0.00%, 846, 0, 1, 1026.00
1569785907, 57, 2, 5, 0, 0, 0.00%, 872, 0, 1, 1027.62
1569785912, 58, 4, 5, 0, 0, 0.00%, 898, 0, 1, 1027.45
1569785917, 60, 1, 5, 0, 0, 0.00%, 907, 0, 1, 1027.82
1569785922, 61, 3, 5, 0, 0, 0.00%, 930, 0, 1, 1027.10
1569785927, 63, 0, 5, 0, 0, 0.00%, 947, 0, 1, 1029.13
1569785932, 64, 3, 5, 0, 0, 0.00%, 969, 0, 1, 1027.53
1569785937, 66, 0, 5, 0, 0, 0.00%, 993, 0, 1, 1030.15
1569785942, 67, 2, 5, 0, 0, 0.00%, 1018, 0, 1, 1030.25
1569785947, 68, 4, 5, 0, 0, 0.00%, 1046, 0, 1, 1030.27
1569785952, 70, 1, 5, 0, 0, 0.00%, 1065, 0, 1, 1027.61
1569785958, 71, 3, 5, 0, 0, 0.00%, 1081, 0, 1, 1028.90
1569785963, 73, 0, 5, 0, 0, 0.00%, 1114, 0, 1, 1028.79
1569785968, 74, 2, 5, 0, 0, 0.00%, 1127, 0, 1, 1031.63
1569785973, 76, 0, 5, 0, 0, 0.00%, 1142, 0, 1, 1030.53
1569785978, 77, 2, 5, 0, 0, 0.00%, 1168, 0, 1, 1034.05
1569785983, 78, 4, 5, 0, 0, 0.00%, 1187, 0, 1, 1027.66
1569785988, 80, 1, 5, 0, 0, 0.00%, 1211, 0, 1, 1028.87
1569785993, 81, 3, 5, 0, 0, 0.00%, 1231, 0, 1, 1023.91
1569785998, 83, 0, 5, 0, 0, 0.00%, 1257, 0, 1, 1023.85
1569786003, 84, 2, 5, 0, 0, 0.00%, 1275, 0, 1, 1026.68
1569786008, 85, 4, 5, 0, 0, 0.00%, 1295, 0, 1, 1027.63
1569786013, 87, 1, 5, 0, 0, 0.00%, 1318, 0, 1, 1025.30
1569786018, 88, 3, 5, 0, 0, 0.00%, 1341, 0, 1, 1025.86
1569786023, 90, 0, 5, 0, 0, 0.00%, 1361, 0, 1, 1020.56
1569786028, 91, 2, 5, 0, 0, 0.00%, 1374, 0, 1, 1023.66
1569786033, 92, 4, 5, 0, 0, 0.00%, 1391, 0, 1, 1024.99
1569786038, 94, 1, 5, 0, 0, 0.00%, 1407, 0, 1, 1025.64
1569786044, 95, 3, 5, 0, 0, 0.00%, 1426, 0, 1, 1023.91
1569786049, 97, 0, 5, 0, 0, 0.00%, 1443, 0, 1, 1025.54
1569786054, 98, 2, 5, 0, 0, 0.00%, 1464, 0, 1, 1025.10
1569786059, 100, 0, 5, 0, 0, 0.00%, 1500, 0, 1, 1026.87
1569786064, 101, 2, 5, 0, 0, 0.00%, 1522, 0, 1, 1027.36
1569786069, 102, 4, 5, 0, 0, 0.00%, 1542, 0, 1, 1026.39
1569786074, 104, 1, 5, 0, 0, 0.00%, 1561, 0, 1, 1025.09
1569786079, 105, 3, 5, 0, 0, 0.00%, 1583, 0, 1, 1023.74
1569786084, 107, 0, 5, 0, 0, 0.00%, 1603, 0, 1, 1023.60
1569786089, 108, 2, 5, 0, 0, 0.00%, 1626, 0, 1, 1028.00
1569786095, 109, 4, 5, 0, 0, 0.00%, 1648, 0, 1, 1024.68
1569786100, 111, 1, 5, 0, 0, 0.00%, 1668, 0, 1, 1024.65
1569786105, 112, 3, 5, 0, 0, 0.00%, 1687, 0, 1, 1024.26
1569786110, 114, 1, 5, 0, 0, 0.00%, 1703, 0, 1, 1026.00
1569786115, 115, 3, 5, 0, 0, 0.00%, 1725, 0, 1, 1023.68
1569786120, 117, 0, 5, 0, 0, 0.00%, 1740, 0, 1, 1023.67
1569786125, 118, 2, 5, 0, 0, 0.00%, 1766, 0, 1, 1022.97
1569786131, 119, 4, 5, 0, 0, 0.00%, 1790, 0, 1, 1023.42
1569786136, 121, 1, 5, 0, 0, 0.00%, 1828, 1, 1, 999.20
1569786141, 122, 3, 5, 0, 0, 0.00%, 1851, 1, 1, 1018.45
1569786146, 124, 0, 5, 0, 0, 0.00%, 1865, 1, 1, 1022.30
1569786151, 125, 2, 5, 0, 0, 0.00%, 1885, 1, 1, 1023.40
1569786156, 126, 4, 5, 0, 0, 0.00%, 1907, 1, 1, 1023.38
1569786161, 128, 2, 5, 0, 0, 0.00%, 1925, 1, 1, 1025.76
1569786166, 129, 4, 5, 0, 0, 0.00%, 1938, 1, 1, 1023.56
1569786171, 131, 1, 5, 0, 0, 0.00%, 1959, 1, 1, 1023.63
1569786176, 132, 3, 5, 0, 0, 0.00%, 1981, 1, 1, 1022.62
1569786181, 134, 0, 5, 0, 0, 0.00%, 2006, 1, 1, 1022.23
1569786187, 135, 2, 5, 0, 0, 0.00%, 2037, 1, 1, 1023.43
1569786192, 136, 4, 5, 0, 0, 0.00%, 2069, 1, 1, 1016.79
1569786197, 138, 1, 5, 0, 0, 0.00%, 2094, 1, 1, 1013.24
1569786202, 139, 3, 5, 0, 0, 0.00%, 2121, 1, 1, 993.40
1569786207, 141, 0, 5, 0, 0, 0.00%, 2147, 1, 1, 984.01
1569786212, 142, 2, 5, 0, 0, 0.00%, 2170, 1, 1, 999.11
1569786218, 143, 4, 5, 0, 0, 0.00%, 2187, 1, 1, 993.49
1569786223, 145, 1, 5, 0, 0, 0.00%, 2213, 1, 1, 987.78
1569786228, 146, 3, 5, 0, 0, 0.00%, 2245, 1, 1, 1001.25
1569786233, 148, 0, 5, 0, 0, 0.00%, 2272, 1, 1, 988.68
1569786238, 149, 2, 5, 0, 0, 0.00%, 2289, 1, 1, 975.83
1569786243, 150, 3, 5, 0, 0, 0.00%, 2315, 1, 1, 995.45
1569786248, 152, 0, 5, 0, 0, 0.00%, 2341, 1, 1, 1002.29
1569786253, 153, 2, 5, 0, 0, 0.00%, 2363, 1, 1, 1006.81
